100
0.100000000000 0.567296328553
0.000000000001
1.000000000000
1.000000000000
105.875383917242
104.999150205404
104.876254945993
104.816250072792
104.738643191755
104.646787714213
104.533433450386
104.443178676069
104.388939194381
104.324635419995
104.260286025703
104.181940594688
104.111161196604
104.064175823703
104.034173943102
103.963707555085
103.914106374606
103.933451084420
103.811916437000
103.802748125046
103.768882241100
103.699450561777
103.669000176713
103.669064437971
103.605969449505
103.552384115756
103.516451580450
103.462041752413
103.468179032207
103.411886017770
103.408197307959
103.353573771194
103.318471651524
103.254612971097
103.276771603152
103.246272398159
103.195354940370
103.147231960669
103.168386463076
103.143345803022
103.132869252935
103.060009932145
103.071579871699
102.990583663806
102.992921499535
102.981355084106
102.996655456722
102.948551433161
102.955393332988
102.904314149171
102.905942177400
102.884687624872
102.861851863563
102.870890002698
102.815132770687
102.811862802133
102.797664541751
102.817682895809
102.790865262970
102.753974108025
102.751161133870
102.744547843933
102.727524906397
102.740555128083
102.718417819589
102.725434998050
102.702506674454
102.691912051290
102.707379477099
102.696549372748
102.695071112365
102.707250835374
102.667599570006
102.653617400676
102.676268331707
102.672810310498
102.646492796019
102.696089668199
102.631583930925
102.697911158204
102.682666413486
102.636852309108
102.675881912932
102.696553600952
102.731878712773
102.731390627101
102.746523568407
102.737893048674
102.753716582432
102.829885181040
102.822943123057
102.890208421275
102.924476694316
102.958950571716
103.045510385185
103.049447221681
103.202955422923
103.342295659706
103.500194996595
103.896238096058
