100
0.100000000000 0.567296328554
0.000000000001
4.000000000000
1.000000000000
197.998123835772
197.148222610354
197.057057457045
196.938241003081
196.882315060124
196.830251343548
196.729694439098
196.636952659115
196.613580768928
196.547603223473
196.500738112256
196.421917717904
196.365413349122
196.302764598280
196.245284948498
196.239030849189
196.168473010883
196.110104771331
196.074108609930
196.008928390220
195.961669655517
195.930310580879
195.876542210579
195.883405320346
195.834562897682
195.795865848660
195.739789264277
195.716389013454
195.672976829112
195.658870186657
195.592959694564
195.584320912138
195.547241866589
195.524706006050
195.479019762948
195.460120350122
195.423848748207
195.413511143997
195.404260898009
195.392304699868
195.320409705862
195.314154792577
195.263979127631
195.293456174433
195.203991446644
195.186008734629
195.173054305837
195.153285453096
195.157593160868
195.127702698112
195.140712497756
195.101617272943
195.098316552117
195.074662636966
195.054367730394
195.033167552203
195.027369689196
195.034243598580
194.981240773574
194.971229678020
194.978871420026
194.934215199202
194.982998451218
194.949407557026
194.918908827007
194.899215077981
194.947140395641
194.902002399787
194.902669912204
194.893969731405
194.915317436680
194.917818700895
194.867441881448
194.876490049064
194.899678086862
194.913063742220
194.892360284925
194.851540224627
194.887980200350
194.889711996540
194.890812257305
194.930861355737
194.915141843259
194.933881158009
194.955607477576
194.959562193602
194.983890717849
194.982095463201
195.011227950454
195.005115320906
195.070804757997
195.119750611484
195.121100993827
195.227728558704
195.254457922652
195.332979226485
195.405601885170
195.565133383498
195.760585058481
196.091863621026
