0.586577775665
0.594785245727
0.605312862380
0.568529067862
0.585205426846
0.586390896757
0.606171858945
0.573833835560
0.604002261245
0.580843947665
0.588153790511
0.569021439780
0.587291556482
0.593955488554
0.571831976435
0.585330908533
0.597732572088
0.598961440387
0.586469446524
0.591730027560
0.568273221662
0.577732252437
0.585920130256
0.584278660973
0.593046872692
0.606737092456
0.582767361006
0.580055672635
0.582391835826
0.576431051153
0.589792750487
0.578809178105
0.569980134945
0.600480102018
0.597216021553
0.591453555247
0.578159546385
0.582389678179
0.572938050929
0.601781304150
0.588744117667
0.602614247524
0.579345896604
0.574915677004
0.586661225839
0.598157684028
0.588526439083
0.574180223308
0.575825503097
0.596621917108
0.587506880464
0.571134347836
0.594844995008
0.572893812374
0.598898660996
0.584764772091
0.570129806095
0.571342097536
0.586549002860
0.587197902246
0.601759306887
0.580763401129
0.602450704266
0.599676526729
0.592753450526
0.596771944708
0.582598860054
0.578540230254
0.606063147323
0.604421044728
0.604879870376
0.579234624712
0.585127392116
0.598511544539
0.580323129127
0.601007905659
0.593176832826
0.568563790291
0.606756087072
0.588466742524
0.597098956683
0.586190392845
0.595717730380
0.585913310271
0.582072001509
0.586487796638
0.568655637858
0.585896485165
0.569351822428
0.589643131691
0.600924497592
0.594684590028
0.591843831655
0.574534940746
0.568552057611
0.587858347561
0.573816506942
0.598191047471
0.592630982825
0.603134748457
0.601556412550
0.573117640591
0.601672599220
0.589847786179
0.584571303564
0.605681216479
0.606504338541
0.574140152212
0.596845475671
0.605856176030
0.579937247030
0.605896185716
0.603726487495
0.568694991052
0.580126815880
0.596835705594
0.606592640940
0.575931406810
0.588824262271
0.584560633522
0.596448176926
0.580280494062
0.583112177859
0.571413661744
0.599428754460
0.570876559784
0.572661358223
0.591655859934
0.588793707068
0.575935096793
0.605990175506
0.598979346236
0.585795537561
0.592965145637
0.597036941529
0.598142475750
0.603158999485
0.596138256969
0.589259451637
0.577792428843
0.578142923692
0.583458071571
0.606128887915
0.587121971785
0.585932727115
0.603670555539
0.604675283059
0.591734344509
0.594811935746
0.575381527978
0.601880797989
0.572740291224
0.585038910083
0.582375728505
0.604578870635
0.603194116878
0.603080185768
0.580411521580
0.590033711153
0.597914564952
0.586406284507
0.604472844339
0.598972911347
0.571920419965
0.571683969126
0.579866380737
0.572914408577
0.574656846707
0.577910465646
0.603960761251
0.589846506552
0.604937877587
0.600170492277
0.592918348029
0.595626242929
0.593614729406
0.576577172833
0.596968853903
0.606390570735
0.583668524839
0.596478528973
0.600687384293
0.597786863293
0.606706398538
0.594100537459
0.573401724864
0.575616742834
0.592375263222
0.603491720410
0.578486833190
0.595983169742
0.588626956224
0.573906943188
0.579046828666
0.589069334246
0.594158686511
0.606069085487
0.601110124163
0.577395765526
0.595811296954
0.588560296756
0.576669117263
0.603377098247
0.586211918316
0.576453209399
0.604202216281
0.589482689149
0.574892468509
0.591504520553
0.571733014399
0.588085491404
0.596041926748
0.573262275789
0.603656130965
0.570247381078
0.596235534066
0.592927423976
0.575435157920
0.594636383423
0.586857581980
0.580850952478
0.603223064939
0.602847580810
0.606134288775
0.575349003756
0.599989503638
0.593504490839
0.574666066804
0.591797482003
0.602739840166
0.578699590935
0.586939607046
0.596050882457
0.587161169635
0.593376950185
0.583175866981
0.571413274702
0.574896676323
0.582093884761
0.570780168450
0.600742521018
0.592504404787
0.577547347748
0.579390889607
0.579026980040
0.576051646374
0.584276951324
0.592637223205
0.583648860673
0.586135053360
0.602121885379
0.595519432051
0.574948226594
0.568907424540
0.597036663119
0.586435312135
0.580316741123
0.587639044033
0.581964285995
0.605148219852
0.604567910860
0.586400279344
0.603186923401
0.596013856941
0.582424416255
0.580268772336
0.602030532233
0.594616910074
0.579861039142
0.595988875982
0.574849823863
0.571816527232
0.573406525504
0.582205950561
0.572718904467
0.599254596637
0.594638554748
0.600786179054
0.586584522101
0.582938428906
0.599344473248
0.597705576710
0.589181356872
0.576615584819
0.576761445667
0.577752779109
0.583825490503
0.582050175942
0.593784325071
0.586796740015
0.571482248569
0.594941793580
0.579594478968
0.580005555400
0.604311373936
0.581911009315
0.589410735910
0.591183285478
0.581259948105
0.590976607498
0.583804449304
0.587022350854
0.590560912017
0.581071415612
0.569003303217
0.589200786147
0.602109387605
0.590816866811
0.590434566177
0.594861333443
0.592060059876
0.582971253715
0.584967246785
0.575608537954
0.598075759640
0.580744836257
0.600538352544
0.605496639249
0.580679822826
0.571837173446
0.572618564132
0.573109300196
0.596898754679
0.583447179268
0.568389895474
0.570089398201
0.573362746302
0.589016382129
0.605009862601
0.592599515268
0.577191448779
0.588674476826
0.589662708992
0.578241445442
0.572295121680
0.585479297564
0.576498155913
0.587116893122
0.594081422964
0.595899786633
0.591454791103
0.601759687283
0.605181647015
0.595847422486
0.576026768309
0.592568827654
0.602034024112
0.592084584405
0.572080963321
0.578025810277
0.574299690793
0.604541325625
0.577439814075
0.590434016442
0.584135987118
0.588386632614
0.584107157747
0.602321857988
0.586796240027
0.594721443438
0.584276633591
0.606166323269
0.604657829537
0.587806452310
0.580398667450
0.605844667575
0.581904162816
0.568213756164
0.596134601623
0.586804517751
0.571345497975
0.577913620144
0.590299528082
0.571234475761
0.600613027089
0.598596493100
0.594602523858
0.589516786716
0.577970875025
0.579881181215
0.576572820337
0.574307348349
0.583925617831
0.577532124817
0.588515731506
0.580418460397
0.604003396843
0.605604807094
0.604219154399
0.601445488718
0.584428615129
0.601674495792
0.583624813076
0.578776950522
0.601082363614
0.591147117566
0.576298976643
0.581538812844
0.592179510010
0.568555090608
0.605584187474
0.589824663930
0.578046191261
0.581434552444
0.587510233166
0.570407454183
0.583228689956
0.598444616329
0.596768368762
0.570942068178
0.599928489927
0.596561701157
0.601427746951
0.586047024717
0.575656108539
0.581075507329
0.595452379236
0.570644748264
0.569253172263
0.590602031772
0.594925252555
0.589466889802
0.589249819414
0.602861682432
0.578309595436
0.604623194708
0.575894850263
0.583958819112
0.575403943805
0.595854457706
0.605896254454
0.596283284714
0.587159352890
0.581958115361
0.599407112705
0.597639391194
0.602828511522
0.582471890052
0.572867299059
0.585024460059
0.594753290167
0.596257475752
0.586390242430
0.599109229655
0.579579290013
0.591088128738
0.576502853670
0.602950114313
0.591399316126
0.582792595237
0.603567391466
0.575772071985
0.580170444814
0.596883438738
0.606198397945
0.605370522840
0.593058473657
0.604736408644
0.573584009810
0.592208016435
0.572522282697
0.580422521088
0.584953828418
0.576067331434
0.594564868881
0.587143734207
0.594863144311
0.600603188467
0.570753693716
0.595142125929
0.595422639636
0.575296542517
0.570388257939
0.594117645049
0.593054030538
0.598801411902
0.574688126707
0.604416958641
0.604561235847
0.603766481074
0.576350046916
0.595009769556
0.589228251237
0.600379187579
0.601408407307
0.594918634232
0.602948999078
0.575836262559
0.603069468613
0.593643565506
0.572863077732
0.588497560041
0.585092124216
0.591121765383
0.602722483869
0.575546828525
0.575744586803
0.601400750029
0.577099156273
0.596562504634
0.600371381413
0.604118398057
0.574520697290
0.571382424501
0.597647632039
0.587256691067
0.597243907660
0.574479144093
0.600793393521
0.606416911457
0.579685565318
0.578159085547
0.597811902497
0.577364735446
0.589014626952
0.571717007812
0.595809085906
0.575102988959
0.594798270946
0.571688446123
0.585089670757
0.592877557238
0.603982982888
0.588885151193
0.605076087324
0.595325231170
0.575565584312
0.604906839700
0.597317792084
0.599192650841
0.595993425768
0.595861497299
0.589483738627
0.602962039874
0.576450006961
0.597265123432
0.588877004208
0.601527030259
0.591135726112
0.589936523527
0.580139159280
0.582948188786
0.570803212663
0.574236588127
0.603115267823
0.568375342172
0.604957348673
0.588107885500
0.573140391523
0.589572193387
0.583026584103
0.598301104446
0.591465335957
0.587646606186
0.575937276024
0.591871777477
0.581512014840
0.598610732615
0.585871986573
0.587828402094
0.593298720974
0.573844964735
0.568098251551
0.575676827692
0.603279094368
0.599996525931
0.584953687044
0.583136774618
0.591681040678
0.589417014369
0.570744451884
0.583106732536
0.579774592117
0.572387669940
0.579358941707
0.568794414998
0.602346173345
0.578556020029
0.580530409104
0.595905979391
0.575816439158
0.595061674842
0.581600227765
0.596884190251
0.576484387314
0.603292726194
0.605189723431
0.605419238905
0.581765041105
0.605491165535
0.604198598007
0.582384432000
0.598441321397
0.605643168880
0.601580550973
0.585715104672
0.603957533004
0.569506388862
0.574827002845
0.592341098781
0.583544481102
0.573002705779
0.589936112812
0.600520853585
0.599221738252
0.605453182130
0.577744413995
0.584934945575
0.568113006531
0.577633806893
0.597933088053
0.585440292710
0.589056504021
0.580505037489
0.574057039980
0.589188714515
0.580095717519
0.606510841550
0.573497609009
0.603313506277
0.577945964861
0.584772508355
0.591354772896
0.597274513750
0.575347250682
0.596965280599
0.589230402451
0.569551564324
0.580353876359
0.594986217640
0.590512070091
0.593521098714
0.584132512748
0.588701106405
0.576191045542
0.586343821080
0.606509573418
0.598956198472
0.584582081790
0.589025197793
0.588711144908
0.582198257040
0.586833978002
0.592457853959
0.570776606036
0.571411347956
0.574310954106
0.587917143373
0.578179166437
0.601625279558
0.600465061630
0.587040629857
0.599634574001
0.581848987126
0.590504493741
0.603515139822
0.581472717258
0.606137903575
0.603535241708
0.578839286749
0.570970888320
0.582635864987
0.598823406683
0.578137050959
0.597024209308
0.604035218271
0.584576363762
0.590410260221
0.573118227388
0.573169663357
0.592312862326
0.603995653475
0.597199888907
0.580099129519
0.592796926265
0.599183968466
0.591940773867
0.582049876588
0.589462618056
0.586691510671
0.580025479466
0.588527582951
0.575267168624
0.574384486446
0.603559575715
0.581191684866
0.601034109313
0.584481323903
0.601165461647
0.584051407058
0.579578478857
0.593512868566
0.583711220762
0.571567050224
0.584086303986
0.605741500010
0.587673737872
0.584803251939
0.586755349663
0.580380253808
0.600782760258
0.574603563486
0.595247447564
0.572249116573
0.591997167390
0.596677566512
0.598279538857
0.596015249628
0.588331541769
0.603434826972
0.568126542090
0.597750091138
0.603892057631
0.570150026163
0.595794690125
0.568550136530
0.596139142844
0.579972742596
0.581805955219
0.597629647574
0.600087739139
0.575897017168
0.568549449194
0.579154657407
0.599566832815
0.587359171549
0.593027056393
0.590524158856
0.598814300308
0.571030430514
0.575347477404
0.577453550589
0.584999559443
0.596532655255
0.592061495807
0.584933529334
0.598024496706
0.578036349524
0.572187581347
0.594141437610
0.596037664004
0.593815248909
0.590038511627
0.570238917443
0.576576685622
0.586463537587
0.588112651585
0.580206723410
0.587783824177
0.582396351525
0.582574667580
0.579138046804
0.594274184702
0.606580416000
0.604308544456
0.598360168636
0.584573228534
0.590256937448
0.600678740127
0.582265955151
0.600544653165
0.568302193505
0.571218016344
0.580756688907
0.600279309794
0.594647242692
0.603036547344
0.603847305811
0.599852073859
0.568465988975
0.591621505363
0.576449028369
0.595199698878
0.571882417101
0.573944261274
0.598773433727
0.577216636627
0.592688368995
0.596633482834
0.575933142386
0.582280643533
0.579034471223
0.582468232325
0.594139450253
0.578788757196
0.578680055631
0.589712725346
0.586225097822
0.573189345838
0.573459407375
0.581738462306
0.601277804141
0.581639180559
0.590301108617
0.574087666217
0.571558340599
0.575736275378
0.603996478628
