50
0.200000000000 0.606826151086
0.000000000001
0.050000000000
0.170000000000 0.170000000000
3778.001663982868
3777.902226164937
3778.164644107223
3778.598941907287
3778.884822756052
3779.020469039679
3779.450213372707
3779.726086646318
3779.973285630345
3780.231930330396
3780.467536538839
3780.699613094330
3780.870233997703
3781.148365274072
3781.260712891817
3781.527704536915
3781.665910869837
3781.852486148477
3782.001130074263
3782.187414869666
3782.381936982274
3782.520819514990
3782.643932521343
3782.794558629394
3782.963540598750
3783.101536571980
3783.229161694646
3783.365197122097
3783.509601145983
3783.631964221597
3783.767190411687
3783.921843901277
3784.043818280101
3784.176006704569
3784.324434474111
3784.464457571507
3784.596605643630
3784.733430027962
3784.883196190000
3785.043639913201
3785.204943194985
3785.378739148378
3785.571968972683
3785.800803899765
3786.105843797326
3786.475257784128
3786.500121176243
3786.522331029177
3786.543912798166
3786.555976778269
