30
0.569296328553 0.606826151086
0.000000000001
0.400000000000
0.000000000000 0.000000000000
150.177523864433
149.200386134908
149.098791897297
149.011899996549
148.895122164860
148.788191888481
148.710618212819
148.662143062800
148.582247780636
148.549600625411
148.510652093217
148.445366030559
148.413448585197
148.365529734641
148.349809270352
148.296383325011
148.245243890211
148.239729354158
148.188447808847
148.178243363276
148.141717728227
148.098095402122
148.029494673014
148.033185688779
148.018188703805
147.990336515009
147.947558991611
147.926290577278
147.895231794566
147.868388410658
