100
0.100000000000 0.570296328553
0.000000000001
2.000000000000
2.000000000000 1.000000000000
140.016374362633
139.170262459666
139.066846273839
138.994551878422
138.951937198639
138.877305602655
138.805883398280
138.732920320705
138.656055528671
138.601346237585
138.548279307783
138.505699174479
138.427741054446
138.402188951150
138.326013423502
138.271417198703
138.220357947052
138.159342212602
138.125902200118
138.088642589748
138.066517876461
137.986617296934
137.991935258731
137.924129845574
137.855492977425
137.842141583562
137.849160568789
137.772643711418
137.741821266711
137.715157378465
137.678329130635
137.612875320017
137.585913082585
137.582697976381
137.540843943134
137.534095194191
137.489982318133
137.466539604589
137.431790800765
137.428309716284
137.394260844216
137.383450973779
137.352459840477
137.330739594996
137.314834959805
137.290753891692
137.277749590576
137.245561031625
137.252297718078
137.169585699216
137.196508618072
137.168240264058
137.177112586796
137.154884686694
137.140894493088
137.137970255688
137.125025499612
137.086209984496
137.083522737026
137.070676723495
137.065097477287
137.058128753677
137.023138757795
137.050098989159
137.026716876775
137.005538806319
137.008023612201
137.000463325530
136.969688452780
136.981166098267
136.980296090245
136.982403714210
136.973484430462
136.982647156343
136.983792563900
136.992060482502
136.991360969841
137.004761131480
137.004850994796
137.015230193734
136.989332379773
137.010564412922
136.990268945694
137.028944140300
137.051900791004
137.078778218478
137.069612629712
137.111253827810
137.166264832020
137.194212742150
137.211777767166
137.233266556635
137.286168117076
137.380538029596
137.449416140094
137.533658832312
137.666572993621
137.876338347793
138.287273753434
138.327663518488
