100
0.100000000000 0.506217145000
0.000000000001
3.000000000000
1.000000000000 1.000000000000
426.914030088112
426.094155529514
426.041273688897
425.957722170278
425.869253056124
425.880674367771
425.750075656921
425.703595563769
425.630784403533
425.552928222343
425.557080186903
425.486000293866
425.437353666872
425.388708718121
425.344368649647
425.265599485487
425.249485036358
425.174959415570
425.171652499586
425.102171162143
425.043859068304
425.018634295091
425.027673287317
424.933914694935
424.895391363651
424.916542230174
424.823127416894
424.793613543734
424.762453936040
424.743822265416
424.695822114125
424.645015580580
424.630817413330
424.591834792867
424.584384707734
424.525511063635
424.518495155498
424.480568176135
424.478864861652
424.426726460457
424.413406100124
424.375401433557
424.391550999135
424.354285897687
424.300747497007
424.269782654941
424.249511802569
424.222296774387
424.197931746021
424.184767970815
424.123488109559
424.129679607227
424.099817518145
424.064074788243
424.059576092288
424.038511248305
424.036440527067
424.002157159150
423.999146370217
423.974339060485
423.949110189453
423.935184903443
423.874017763883
423.871149612591
423.882769340649
423.851978901774
423.838665634394
423.837326692417
423.824867462739
423.790279064327
423.772348476574
423.733956934884
423.727976521477
423.706507675350
423.703109070659
423.656077269465
423.672199342400
423.668651727960
423.642962526530
423.606559975073
423.654402790591
423.612344423309
423.586834281683
423.589527994394
423.554630115628
423.512019779533
423.515500470996
423.509267950431
423.510836688802
423.504978353158
423.489605452865
423.475036924705
423.456888185814
423.447279484943
423.421119106933
423.392645554617
423.382516888902
423.383577037603
423.404739554971
423.374198263511
