100
0.100000000000 0.567296328554
0.000000000001
4.000000000000
1.000000000000
137.925505949184
137.126878634095
137.029160823673
136.962798597291
136.858893293887
136.780402511358
136.734545284882
136.678898178041
136.573369124904
136.540022885427
136.455857275054
136.416824672371
136.359369905666
136.286838347092
136.245043486357
136.191436000168
136.143042560667
136.108982183039
136.075898464769
136.026537222788
135.948456652462
135.904497373849
135.903036028147
135.841701585799
135.801169829443
135.756310112774
135.734216021374
135.657907785848
135.671711606905
135.638579461724
135.593939784914
135.561199424788
135.527629338205
135.494434222579
135.489266438410
135.474039163440
135.395310403779
135.402721678838
135.370005885139
135.350862920284
135.349079005420
135.317378882319
135.276522815228
135.264172617346
135.216987440363
135.179740926251
135.197478409857
135.165204159915
135.161179093644
135.150341540575
135.092544363812
135.080657651648
135.084005877376
135.036629309878
135.060738129541
135.017885243520
135.029100734740
135.010783780366
135.007737062871
134.960285967216
134.983080791309
134.982791950926
134.960036428645
134.958984712139
134.946813825518
134.928797753528
134.920524086803
134.916708685458
134.882822509855
134.925626317039
134.841956796125
134.897189386189
134.897766862065
134.861854750663
134.862108707428
134.873042246327
134.937587551773
134.902004683390
134.946466404945
134.885888582096
134.918204315007
134.917073585093
134.938053041697
134.972549602389
134.946706393734
134.964980738238
134.973322410136
135.013494158164
135.026811566204
135.043742602691
135.074519639835
135.123813407496
135.181055931374
135.245066558942
135.322179907933
135.385979851708
135.489815084264
135.648776063696
135.896194575354
136.780120979995
