50
0.200000000000 0.606826151086
0.000000000001
0.050000000000
0.170000000000 0.170000000000
4855.725577369332
4855.565768308938
4855.986503742635
4856.370481779799
4856.672863487154
4856.952756246552
4857.242946079001
4857.518109340221
4857.771443193778
4857.986262656748
4858.224783319980
4858.480644039810
4858.694135451689
4858.886438656598
4859.080966182053
4859.246007552370
4859.432487975806
4859.616138450801
4859.787890348583
4859.955328710377
4860.114748923108
4860.270045632496
4860.419887285680
4860.562130764127
4860.703440442681
4860.857932446525
4860.993668727577
4861.127050055191
4861.270156966522
4861.402569308877
4861.536345006898
4861.673546614125
4861.805456325412
4861.944315912202
4862.078702917323
4862.216872218996
4862.356364710256
4862.505230572075
4862.648079041392
4862.805833907798
4862.963863220066
4863.135322269052
4863.329740552232
4863.551823396236
4863.845149409026
4864.220455225557
4864.252254346386
4864.269885817543
4864.286439241841
4864.302640819922
